..296-

Β66111661(.16((6666),716, 717. Baua (6611161666 11), 777.
’ 6666166 (16116666 16), 717. Bane, 766.
Bar-dini, 11 bochet-om, 716, 776. 66616 (666616), 76, 166) eorpus 6166.
66661166 (Petrus), 167. 6, 16, 76, 76, 61, 766, 766, 771.
Β66]666(661666), 16. 66616 116616. 76666 666616 116616 et
Barnabas (6666166), 6.17, 16, 166, 116616 (666616).
176. Beati 1161161611 curatus, 167.
661666 (1666116166), 711, 711. 6661616, 6661111666 saigniaci, 176,
- (16666666), 776. . 6661116(666616).166.
6616(11.666166616), 176. ⁶- 66666661611111611,161, 161.
66666 (1661666166 616), 171, 176. Beata-Lete, 766.
- (666116666166166616), 171. 666666 (6661661166616), 6661116616-
176. 66666 Senon.. 66.
Barrus super 1111616, 171. Bar-sur· 6661ιυί16166 (1611116666),161.7’6666
11666, 11666. 6166611616.
66616166666, (6666166), 6, 17; 61- Beda, 77, 66.
tamajus, 76, 176; insimulas, 6666666 (16), 766, 716.
166, 166, 166 ; oratorium 6166, 71, 6666666 (1.6), 761, 716.
61. 6661666167166. ·
6661661661666 6160661166 61116 de 6611661 (1161666166), 761.
06666666, abhas Sancti-Pettivivi, 66116 (16116666 16),767.
61. 66666666,166.111.166666666-
116666, 6. 6661 et 6666166661. -
6661116 do (116661661666,716. Bolani (66666166), 761.
Basilidis (666616), 166. “ 6666661666666661161.
666166(1.161666),716. 1661166666), 166, 167, 166, 767,
666616,66667661666, 611. 766, 666.
6666166, dux, 1666661166, saneti-Po· 1161161 (111666). apud 1161661616.
6111616, 11, 16, 116161. 116 Reum, 611.
epitaphium 6166, 71. - 6666616666,167,166.
Bassiacum, 161161. 16661 6666- 6611 Avia (16616 do), proehyter,
6616 et Bassiacum. Bachv. Yonne, 166, 167, 166, 171, 166, 716.
6661166666, cant. seminassem. 661616661611116), 766.
6666616666. 6611666666 (66166166 de), 6661116616-
6611166 (Petrus), 776. oopus 66666, 66.
- (Tin), 776. 6611616666(.1666666),161.
66616616666166), 666166666 117. - (66666), 776, 776.
- (6666166),6166166,161. 66111666666611666, 76666 66666.
6661661 66111116, 766. 6611666616, 761.
6666766616666 (1.1),166 - uxor 6116616, 166. ,

 

